Irreducible 1
    2    1,1        1,1    
    2    1,2        1,1    
    2    1,3        1,1    
    2    1,4        1,1    
    2    1,5        1,1    
    2    1,6        1,1    
    2    1,7        1,1    
    2    1,8        1,1    
    2    1,9        1,1    
    2    1,10       1,1    
    2    1,11       1,1    
    2    1,12       1,1    
    2    1,13       1,1    
    2    1,14       1,1    
    2    1,15       1,1    
    2    1,16       1,1    
    2    1,17       1,1    
    2    1,18       1,1    
    2    1,19       1,1    
    2    1,20       1,1    
    2    1,21       1,1    
    2    1,22       1,1    
    2    1,23       1,1    
    2    1,24       1,1    
    2    1,25       1,1    
    2    1,26       1,1    
    2    1,27       1,1    
    2    1,2        1,2    
    2    1,3        1,2    
    2    1,4        1,2    
    2    1,5        1,2    
    2    1,6        1,2    
    2    1,7        1,2    
    2    1,8        1,2    
    2    1,9        1,2    
    2    1,10       1,2    
    2    1,11       1,2    
    2    1,12       1,2    
    2    1,13       1,2    
    2    1,14       1,2    
    2    1,15       1,2    
    2    1,16       1,2    
    2    1,17       1,2    
    2    1,18       1,2    
    2    1,19       1,2    
    2    1,20       1,2    
    2    1,21       1,2    
    2    1,22       1,2    
    2    1,23       1,2    
    2    1,24       1,2    
    2    1,25       1,2    
    2    1,26       1,2    
    2    1,27       1,2    
    2    1,3        1,3    
    2    1,4        1,3    
    2    1,5        1,3    
    2    1,6        1,3    
    2    1,7        1,3    
    2    1,8        1,3    
    2    1,9        1,3    
    2    1,10       1,3    
    2    1,11       1,3    
    2    1,12       1,3    
    2    1,13       1,3    
    2    1,14       1,3    
    2    1,15       1,3    
    2    1,16       1,3    
    2    1,17       1,3    
    2    1,18       1,3    
    2    1,19       1,3    
    2    1,20       1,3    
    2    1,21       1,3    
    2    1,22       1,3    
    2    1,23       1,3    
    2    1,24       1,3    
    2    1,25       1,3    
    2    1,26       1,3    
    2    1,27       1,3    
    2    1,4        1,4    
    2    1,5        1,4    
    2    1,6        1,4    
    2    1,7        1,4    
    2    1,8        1,4    
    2    1,9        1,4    
    2    1,10       1,4    
    2    1,11       1,4    
    2    1,12       1,4    
    2    1,13       1,4    
    2    1,14       1,4    
    2    1,15       1,4    
    2    1,16       1,4    
    2    1,17       1,4    
    2    1,18       1,4    
    2    1,19       1,4    
    2    1,20       1,4    
    2    1,21       1,4    
    2    1,22       1,4    
    2    1,23       1,4    
    2    1,24       1,4    
    2    1,25       1,4    
    2    1,26       1,4    
    2    1,27       1,4    
    2    1,5        1,5    
    2    1,6        1,5    
    2    1,7        1,5    
    2    1,8        1,5    
    2    1,9        1,5    
    2    1,10       1,5    
    2    1,11       1,5    
    2    1,12       1,5    
    2    1,13       1,5    
    2    1,14       1,5    
    2    1,15       1,5    
    2    1,16       1,5    
    2    1,17       1,5    
    2    1,18       1,5    
    2    1,19       1,5    
    2    1,20       1,5    
    2    1,21       1,5    
    2    1,22       1,5    
    2    1,23       1,5    
    2    1,24       1,5    
    2    1,25       1,5    
    2    1,26       1,5    
    2    1,27       1,5    
    2    1,6        1,6    
    2    1,7        1,6    
    2    1,8        1,6    
    2    1,9        1,6    
    2    1,10       1,6    
    2    1,11       1,6    
    2    1,12       1,6    
    2    1,13       1,6    
    2    1,14       1,6    
    2    1,15       1,6    
    2    1,16       1,6    
    2    1,17       1,6    
    2    1,18       1,6    
    2    1,19       1,6    
    2    1,20       1,6    
    2    1,21       1,6    
    2    1,22       1,6    
    2    1,23       1,6    
    2    1,24       1,6    
    2    1,25       1,6    
    2    1,26       1,6    
    2    1,27       1,6    
    2    1,7        1,7    
    2    1,8        1,7    
    2    1,9        1,7    
    2    1,10       1,7    
    2    1,11       1,7    
    2    1,12       1,7    
    2    1,13       1,7    
    2    1,14       1,7    
    2    1,15       1,7    
    2    1,16       1,7    
    2    1,17       1,7    
    2    1,18       1,7    
    2    1,19       1,7    
    2    1,20       1,7    
    2    1,21       1,7    
    2    1,22       1,7    
    2    1,23       1,7    
    2    1,24       1,7    
    2    1,25       1,7    
    2    1,26       1,7    
    2    1,27       1,7    
    2    1,8        1,8    
    2    1,9        1,8    
    2    1,10       1,8    
    2    1,11       1,8    
    2    1,12       1,8    
    2    1,13       1,8    
    2    1,14       1,8    
    2    1,15       1,8    
    2    1,16       1,8    
    2    1,17       1,8    
    2    1,18       1,8    
    2    1,19       1,8    
    2    1,20       1,8    
    2    1,21       1,8    
    2    1,22       1,8    
    2    1,23       1,8    
    2    1,24       1,8    
    2    1,25       1,8    
    2    1,26       1,8    
    2    1,27       1,8    
    2    1,9        1,9    
    2    1,10       1,9    
    2    1,11       1,9    
    2    1,12       1,9    
    2    1,13       1,9    
    2    1,14       1,9    
    2    1,15       1,9    
    2    1,16       1,9    
    2    1,17       1,9    
    2    1,18       1,9    
    2    1,19       1,9    
    2    1,20       1,9    
    2    1,21       1,9    
    2    1,22       1,9    
    2    1,23       1,9    
    2    1,24       1,9    
    2    1,25       1,9    
    2    1,26       1,9    
    2    1,27       1,9    
    2    1,10       1,10   
    2    1,11       1,10   
    2    1,12       1,10   
    2    1,13       1,10   
    2    1,14       1,10   
    2    1,15       1,10   
    2    1,16       1,10   
    2    1,17       1,10   
    2    1,18       1,10   
    2    1,19       1,10   
    2    1,20       1,10   
    2    1,21       1,10   
    2    1,22       1,10   
    2    1,23       1,10   
    2    1,24       1,10   
    2    1,25       1,10   
    2    1,26       1,10   
    2    1,27       1,10   
    2    1,11       1,11   
    2    1,12       1,11   
    2    1,13       1,11   
    2    1,14       1,11   
    2    1,15       1,11   
    2    1,16       1,11   
    2    1,17       1,11   
    2    1,18       1,11   
    2    1,19       1,11   
    2    1,20       1,11   
    2    1,21       1,11   
    2    1,22       1,11   
    2    1,23       1,11   
    2    1,24       1,11   
    2    1,25       1,11   
    2    1,26       1,11   
    2    1,27       1,11   
    2    1,12       1,12   
    2    1,13       1,12   
    2    1,14       1,12   
    2    1,15       1,12   
    2    1,16       1,12   
    2    1,17       1,12   
    2    1,18       1,12   
    2    1,19       1,12   
    2    1,20       1,12   
    2    1,21       1,12   
    2    1,22       1,12   
    2    1,23       1,12   
    2    1,24       1,12   
    2    1,25       1,12   
    2    1,26       1,12   
    2    1,27       1,12   
    2    1,13       1,13   
    2    1,14       1,13   
    2    1,15       1,13   
    2    1,16       1,13   
    2    1,17       1,13   
    2    1,18       1,13   
    2    1,19       1,13   
    2    1,20       1,13   
    2    1,21       1,13   
    2    1,22       1,13   
    2    1,23       1,13   
    2    1,24       1,13   
    2    1,25       1,13   
    2    1,26       1,13   
    2    1,27       1,13   
    2    1,14       1,14   
    2    1,15       1,14   
    2    1,16       1,14   
    2    1,17       1,14   
    2    1,18       1,14   
    2    1,19       1,14   
    2    1,20       1,14   
    2    1,21       1,14   
    2    1,22       1,14   
    2    1,23       1,14   
    2    1,24       1,14   
    2    1,25       1,14   
    2    1,26       1,14   
    2    1,27       1,14   
    2    1,15       1,15   
    2    1,16       1,15   
    2    1,17       1,15   
    2    1,18       1,15   
    2    1,19       1,15   
    2    1,20       1,15   
    2    1,21       1,15   
    2    1,22       1,15   
    2    1,23       1,15   
    2    1,24       1,15   
    2    1,25       1,15   
    2    1,26       1,15   
    2    1,27       1,15   
    2    1,16       1,16   
    2    1,17       1,16   
    2    1,18       1,16   
    2    1,19       1,16   
    2    1,20       1,16   
    2    1,21       1,16   
    2    1,22       1,16   
    2    1,23       1,16   
    2    1,24       1,16   
    2    1,25       1,16   
    2    1,26       1,16   
    2    1,27       1,16   
    2    1,17       1,17   
    2    1,18       1,17   
    2    1,19       1,17   
    2    1,20       1,17   
    2    1,21       1,17   
    2    1,22       1,17   
    2    1,23       1,17   
    2    1,24       1,17   
    2    1,25       1,17   
    2    1,26       1,17   
    2    1,27       1,17   
    2    1,18       1,18   
    2    1,19       1,18   
    2    1,20       1,18   
    2    1,21       1,18   
    2    1,22       1,18   
    2    1,23       1,18   
    2    1,24       1,18   
    2    1,25       1,18   
    2    1,26       1,18   
    2    1,27       1,18   
    2    1,19       1,19   
    2    1,20       1,19   
    2    1,21       1,19   
    2    1,22       1,19   
    2    1,23       1,19   
    2    1,24       1,19   
    2    1,25       1,19   
    2    1,26       1,19   
    2    1,27       1,19   
    2    1,20       1,20   
    2    1,21       1,20   
    2    1,22       1,20   
    2    1,23       1,20   
    2    1,24       1,20   
    2    1,25       1,20   
    2    1,26       1,20   
    2    1,27       1,20   
    2    1,21       1,21   
    2    1,22       1,21   
    2    1,23       1,21   
    2    1,24       1,21   
    2    1,25       1,21   
    2    1,26       1,21   
    2    1,27       1,21   
    2    1,22       1,22   
    2    1,23       1,22   
    2    1,24       1,22   
    2    1,25       1,22   
    2    1,26       1,22   
    2    1,27       1,22   
    2    1,23       1,23   
    2    1,24       1,23   
    2    1,25       1,23   
    2    1,26       1,23   
    2    1,27       1,23   
    2    1,24       1,24   
    2    1,25       1,24   
    2    1,26       1,24   
    2    1,27       1,24   
    2    1,25       1,25   
    2    1,26       1,25   
    2    1,27       1,25   
    2    1,26       1,26   
    2    1,27       1,26   
    2    1,27       1,27   
    2    2,1        2,1    
    2    2,2        2,1    
    2    2,3        2,1    
    2    2,4        2,1    
    2    2,5        2,1    
    2    2,6        2,1    
    2    2,7        2,1    
    2    2,8        2,1    
    2    2,9        2,1    
    2    2,10       2,1    
    2    2,11       2,1    
    2    2,12       2,1    
    2    2,13       2,1    
    2    2,14       2,1    
    2    2,15       2,1    
    2    2,16       2,1    
    2    2,17       2,1    
    2    2,18       2,1    
    2    2,19       2,1    
    2    2,20       2,1    
    2    2,21       2,1    
    2    2,2        2,2    
    2    2,3        2,2    
    2    2,4        2,2    
    2    2,5        2,2    
    2    2,6        2,2    
    2    2,7        2,2    
    2    2,8        2,2    
    2    2,9        2,2    
    2    2,10       2,2    
    2    2,11       2,2    
    2    2,12       2,2    
    2    2,13       2,2    
    2    2,14       2,2    
    2    2,15       2,2    
    2    2,16       2,2    
    2    2,17       2,2    
    2    2,18       2,2    
    2    2,19       2,2    
    2    2,20       2,2    
    2    2,21       2,2    
    2    2,3        2,3    
    2    2,4        2,3    
    2    2,5        2,3    
    2    2,6        2,3    
    2    2,7        2,3    
    2    2,8        2,3    
    2    2,9        2,3    
    2    2,10       2,3    
    2    2,11       2,3    
    2    2,12       2,3    
    2    2,13       2,3    
    2    2,14       2,3    
    2    2,15       2,3    
    2    2,16       2,3    
    2    2,17       2,3    
    2    2,18       2,3    
    2    2,19       2,3    
    2    2,20       2,3    
    2    2,21       2,3    
    2    2,4        2,4    
    2    2,5        2,4    
    2    2,6        2,4    
    2    2,7        2,4    
    2    2,8        2,4    
    2    2,9        2,4    
    2    2,10       2,4    
    2    2,11       2,4    
    2    2,12       2,4    
    2    2,13       2,4    
    2    2,14       2,4    
    2    2,15       2,4    
    2    2,16       2,4    
    2    2,17       2,4    
    2    2,18       2,4    
    2    2,19       2,4    
    2    2,20       2,4    
    2    2,21       2,4    
    2    2,5        2,5    
    2    2,6        2,5    
    2    2,7        2,5    
    2    2,8        2,5    
    2    2,9        2,5    
    2    2,10       2,5    
    2    2,11       2,5    
    2    2,12       2,5    
    2    2,13       2,5    
    2    2,14       2,5    
    2    2,15       2,5    
    2    2,16       2,5    
    2    2,17       2,5    
    2    2,18       2,5    
    2    2,19       2,5    
    2    2,20       2,5    
    2    2,21       2,5    
    2    2,6        2,6    
    2    2,7        2,6    
    2    2,8        2,6    
    2    2,9        2,6    
    2    2,10       2,6    
    2    2,11       2,6    
    2    2,12       2,6    
    2    2,13       2,6    
    2    2,14       2,6    
    2    2,15       2,6    
    2    2,16       2,6    
    2    2,17       2,6    
    2    2,18       2,6    
    2    2,19       2,6    
    2    2,20       2,6    
    2    2,21       2,6    
    2    2,7        2,7    
    2    2,8        2,7    
    2    2,9        2,7    
    2    2,10       2,7    
    2    2,11       2,7    
    2    2,12       2,7    
    2    2,13       2,7    
    2    2,14       2,7    
    2    2,15       2,7    
    2    2,16       2,7    
    2    2,17       2,7    
    2    2,18       2,7    
    2    2,19       2,7    
    2    2,20       2,7    
    2    2,21       2,7    
    2    2,8        2,8    
    2    2,9        2,8    
    2    2,10       2,8    
    2    2,11       2,8    
    2    2,12       2,8    
    2    2,13       2,8    
    2    2,14       2,8    
    2    2,15       2,8    
    2    2,16       2,8    
    2    2,17       2,8    
    2    2,18       2,8    
    2    2,19       2,8    
    2    2,20       2,8    
    2    2,21       2,8    
    2    2,9        2,9    
    2    2,10       2,9    
    2    2,11       2,9    
    2    2,12       2,9    
    2    2,13       2,9    
    2    2,14       2,9    
    2    2,15       2,9    
    2    2,16       2,9    
    2    2,17       2,9    
    2    2,18       2,9    
    2    2,19       2,9    
    2    2,20       2,9    
    2    2,21       2,9    
    2    2,10       2,10   
    2    2,11       2,10   
    2    2,12       2,10   
    2    2,13       2,10   
    2    2,14       2,10   
    2    2,15       2,10   
    2    2,16       2,10   
    2    2,17       2,10   
    2    2,18       2,10   
    2    2,19       2,10   
    2    2,20       2,10   
    2    2,21       2,10   
    2    2,11       2,11   
    2    2,12       2,11   
    2    2,13       2,11   
    2    2,14       2,11   
    2    2,15       2,11   
    2    2,16       2,11   
    2    2,17       2,11   
    2    2,18       2,11   
    2    2,19       2,11   
    2    2,20       2,11   
    2    2,21       2,11   
    2    2,12       2,12   
    2    2,13       2,12   
    2    2,14       2,12   
    2    2,15       2,12   
    2    2,16       2,12   
    2    2,17       2,12   
    2    2,18       2,12   
    2    2,19       2,12   
    2    2,20       2,12   
    2    2,21       2,12   
    2    2,13       2,13   
    2    2,14       2,13   
    2    2,15       2,13   
    2    2,16       2,13   
    2    2,17       2,13   
    2    2,18       2,13   
    2    2,19       2,13   
    2    2,20       2,13   
    2    2,21       2,13   
    2    2,14       2,14   
    2    2,15       2,14   
    2    2,16       2,14   
    2    2,17       2,14   
    2    2,18       2,14   
    2    2,19       2,14   
    2    2,20       2,14   
    2    2,21       2,14   
    2    2,15       2,15   
    2    2,16       2,15   
    2    2,17       2,15   
    2    2,18       2,15   
    2    2,19       2,15   
    2    2,20       2,15   
    2    2,21       2,15   
    2    2,16       2,16   
    2    2,17       2,16   
    2    2,18       2,16   
    2    2,19       2,16   
    2    2,20       2,16   
    2    2,21       2,16   
    2    2,17       2,17   
    2    2,18       2,17   
    2    2,19       2,17   
    2    2,20       2,17   
    2    2,21       2,17   
    2    2,18       2,18   
    2    2,19       2,18   
    2    2,20       2,18   
    2    2,21       2,18   
    2    2,19       2,19   
    2    2,20       2,19   
    2    2,21       2,19   
    2    2,20       2,20   
    2    2,21       2,20   
    2    2,21       2,21   
    1    1,1    
    1    1,2    
    1    1,3    
    1    1,4    
    1    1,5    
    1    1,6    
    1    1,7    
    1    1,8    
    1    1,9    
    1    1,10   
    1    1,11   
    1    1,12   
    1    1,13   
    1    1,14   
    1    1,15   
    1    1,16   
    1    1,17   
    1    1,18   
    1    1,19   
    1    1,20   
    1    1,21   
    1    1,22   
    1    1,23   
    1    1,24   
    1    1,25   
    1    1,26   
    1    1,27   
Irreducible 2
    2    2,1        1,1    
    2    2,2        1,1    
    2    2,3        1,1    
    2    2,4        1,1    
    2    2,5        1,1    
    2    2,6        1,1    
    2    2,7        1,1    
    2    2,8        1,1    
    2    2,9        1,1    
    2    2,10       1,1    
    2    2,11       1,1    
    2    2,12       1,1    
    2    2,13       1,1    
    2    2,14       1,1    
    2    2,15       1,1    
    2    2,16       1,1    
    2    2,17       1,1    
    2    2,18       1,1    
    2    2,19       1,1    
    2    2,20       1,1    
    2    2,21       1,1    
    2    2,1        1,2    
    2    2,2        1,2    
    2    2,3        1,2    
    2    2,4        1,2    
    2    2,5        1,2    
    2    2,6        1,2    
    2    2,7        1,2    
    2    2,8        1,2    
    2    2,9        1,2    
    2    2,10       1,2    
    2    2,11       1,2    
    2    2,12       1,2    
    2    2,13       1,2    
    2    2,14       1,2    
    2    2,15       1,2    
    2    2,16       1,2    
    2    2,17       1,2    
    2    2,18       1,2    
    2    2,19       1,2    
    2    2,20       1,2    
    2    2,21       1,2    
    2    2,1        1,3    
    2    2,2        1,3    
    2    2,3        1,3    
    2    2,4        1,3    
    2    2,5        1,3    
    2    2,6        1,3    
    2    2,7        1,3    
    2    2,8        1,3    
    2    2,9        1,3    
    2    2,10       1,3    
    2    2,11       1,3    
    2    2,12       1,3    
    2    2,13       1,3    
    2    2,14       1,3    
    2    2,15       1,3    
    2    2,16       1,3    
    2    2,17       1,3    
    2    2,18       1,3    
    2    2,19       1,3    
    2    2,20       1,3    
    2    2,21       1,3    
    2    2,1        1,4    
    2    2,2        1,4    
    2    2,3        1,4    
    2    2,4        1,4    
    2    2,5        1,4    
    2    2,6        1,4    
    2    2,7        1,4    
    2    2,8        1,4    
    2    2,9        1,4    
    2    2,10       1,4    
    2    2,11       1,4    
    2    2,12       1,4    
    2    2,13       1,4    
    2    2,14       1,4    
    2    2,15       1,4    
    2    2,16       1,4    
    2    2,17       1,4    
    2    2,18       1,4    
    2    2,19       1,4    
    2    2,20       1,4    
    2    2,21       1,4    
    2    2,1        1,5    
    2    2,2        1,5    
    2    2,3        1,5    
    2    2,4        1,5    
    2    2,5        1,5    
    2    2,6        1,5    
    2    2,7        1,5    
    2    2,8        1,5    
    2    2,9        1,5    
    2    2,10       1,5    
    2    2,11       1,5    
    2    2,12       1,5    
    2    2,13       1,5    
    2    2,14       1,5    
    2    2,15       1,5    
    2    2,16       1,5    
    2    2,17       1,5    
    2    2,18       1,5    
    2    2,19       1,5    
    2    2,20       1,5    
    2    2,21       1,5    
    2    2,1        1,6    
    2    2,2        1,6    
    2    2,3        1,6    
    2    2,4        1,6    
    2    2,5        1,6    
    2    2,6        1,6    
    2    2,7        1,6    
    2    2,8        1,6    
    2    2,9        1,6    
    2    2,10       1,6    
    2    2,11       1,6    
    2    2,12       1,6    
    2    2,13       1,6    
    2    2,14       1,6    
    2    2,15       1,6    
    2    2,16       1,6    
    2    2,17       1,6    
    2    2,18       1,6    
    2    2,19       1,6    
    2    2,20       1,6    
    2    2,21       1,6    
    2    2,1        1,7    
    2    2,2        1,7    
    2    2,3        1,7    
    2    2,4        1,7    
    2    2,5        1,7    
    2    2,6        1,7    
    2    2,7        1,7    
    2    2,8        1,7    
    2    2,9        1,7    
    2    2,10       1,7    
    2    2,11       1,7    
    2    2,12       1,7    
    2    2,13       1,7    
    2    2,14       1,7    
    2    2,15       1,7    
    2    2,16       1,7    
    2    2,17       1,7    
    2    2,18       1,7    
    2    2,19       1,7    
    2    2,20       1,7    
    2    2,21       1,7    
    2    2,1        1,8    
    2    2,2        1,8    
    2    2,3        1,8    
    2    2,4        1,8    
    2    2,5        1,8    
    2    2,6        1,8    
    2    2,7        1,8    
    2    2,8        1,8    
    2    2,9        1,8    
    2    2,10       1,8    
    2    2,11       1,8    
    2    2,12       1,8    
    2    2,13       1,8    
    2    2,14       1,8    
    2    2,15       1,8    
    2    2,16       1,8    
    2    2,17       1,8    
    2    2,18       1,8    
    2    2,19       1,8    
    2    2,20       1,8    
    2    2,21       1,8    
    2    2,1        1,9    
    2    2,2        1,9    
    2    2,3        1,9    
    2    2,4        1,9    
    2    2,5        1,9    
    2    2,6        1,9    
    2    2,7        1,9    
    2    2,8        1,9    
    2    2,9        1,9    
    2    2,10       1,9    
    2    2,11       1,9    
    2    2,12       1,9    
    2    2,13       1,9    
    2    2,14       1,9    
    2    2,15       1,9    
    2    2,16       1,9    
    2    2,17       1,9    
    2    2,18       1,9    
    2    2,19       1,9    
    2    2,20       1,9    
    2    2,21       1,9    
    2    2,1        1,10   
    2    2,2        1,10   
    2    2,3        1,10   
    2    2,4        1,10   
    2    2,5        1,10   
    2    2,6        1,10   
    2    2,7        1,10   
    2    2,8        1,10   
    2    2,9        1,10   
    2    2,10       1,10   
    2    2,11       1,10   
    2    2,12       1,10   
    2    2,13       1,10   
    2    2,14       1,10   
    2    2,15       1,10   
    2    2,16       1,10   
    2    2,17       1,10   
    2    2,18       1,10   
    2    2,19       1,10   
    2    2,20       1,10   
    2    2,21       1,10   
    2    2,1        1,11   
    2    2,2        1,11   
    2    2,3        1,11   
    2    2,4        1,11   
    2    2,5        1,11   
    2    2,6        1,11   
    2    2,7        1,11   
    2    2,8        1,11   
    2    2,9        1,11   
    2    2,10       1,11   
    2    2,11       1,11   
    2    2,12       1,11   
    2    2,13       1,11   
    2    2,14       1,11   
    2    2,15       1,11   
    2    2,16       1,11   
    2    2,17       1,11   
    2    2,18       1,11   
    2    2,19       1,11   
    2    2,20       1,11   
    2    2,21       1,11   
    2    2,1        1,12   
    2    2,2        1,12   
    2    2,3        1,12   
    2    2,4        1,12   
    2    2,5        1,12   
    2    2,6        1,12   
    2    2,7        1,12   
    2    2,8        1,12   
    2    2,9        1,12   
    2    2,10       1,12   
    2    2,11       1,12   
    2    2,12       1,12   
    2    2,13       1,12   
    2    2,14       1,12   
    2    2,15       1,12   
    2    2,16       1,12   
    2    2,17       1,12   
    2    2,18       1,12   
    2    2,19       1,12   
    2    2,20       1,12   
    2    2,21       1,12   
    2    2,1        1,13   
    2    2,2        1,13   
    2    2,3        1,13   
    2    2,4        1,13   
    2    2,5        1,13   
    2    2,6        1,13   
    2    2,7        1,13   
    2    2,8        1,13   
    2    2,9        1,13   
    2    2,10       1,13   
    2    2,11       1,13   
    2    2,12       1,13   
    2    2,13       1,13   
    2    2,14       1,13   
    2    2,15       1,13   
    2    2,16       1,13   
    2    2,17       1,13   
    2    2,18       1,13   
    2    2,19       1,13   
    2    2,20       1,13   
    2    2,21       1,13   
    2    2,1        1,14   
    2    2,2        1,14   
    2    2,3        1,14   
    2    2,4        1,14   
    2    2,5        1,14   
    2    2,6        1,14   
    2    2,7        1,14   
    2    2,8        1,14   
    2    2,9        1,14   
    2    2,10       1,14   
    2    2,11       1,14   
    2    2,12       1,14   
    2    2,13       1,14   
    2    2,14       1,14   
    2    2,15       1,14   
    2    2,16       1,14   
    2    2,17       1,14   
    2    2,18       1,14   
    2    2,19       1,14   
    2    2,20       1,14   
    2    2,21       1,14   
    2    2,1        1,15   
    2    2,2        1,15   
    2    2,3        1,15   
    2    2,4        1,15   
    2    2,5        1,15   
    2    2,6        1,15   
    2    2,7        1,15   
    2    2,8        1,15   
    2    2,9        1,15   
    2    2,10       1,15   
    2    2,11       1,15   
    2    2,12       1,15   
    2    2,13       1,15   
    2    2,14       1,15   
    2    2,15       1,15   
    2    2,16       1,15   
    2    2,17       1,15   
    2    2,18       1,15   
    2    2,19       1,15   
    2    2,20       1,15   
    2    2,21       1,15   
    2    2,1        1,16   
    2    2,2        1,16   
    2    2,3        1,16   
    2    2,4        1,16   
    2    2,5        1,16   
    2    2,6        1,16   
    2    2,7        1,16   
    2    2,8        1,16   
    2    2,9        1,16   
    2    2,10       1,16   
    2    2,11       1,16   
    2    2,12       1,16   
    2    2,13       1,16   
    2    2,14       1,16   
    2    2,15       1,16   
    2    2,16       1,16   
    2    2,17       1,16   
    2    2,18       1,16   
    2    2,19       1,16   
    2    2,20       1,16   
    2    2,21       1,16   
    2    2,1        1,17   
    2    2,2        1,17   
    2    2,3        1,17   
    2    2,4        1,17   
    2    2,5        1,17   
    2    2,6        1,17   
    2    2,7        1,17   
    2    2,8        1,17   
    2    2,9        1,17   
    2    2,10       1,17   
    2    2,11       1,17   
    2    2,12       1,17   
    2    2,13       1,17   
    2    2,14       1,17   
    2    2,15       1,17   
    2    2,16       1,17   
    2    2,17       1,17   
    2    2,18       1,17   
    2    2,19       1,17   
    2    2,20       1,17   
    2    2,21       1,17   
    2    2,1        1,18   
    2    2,2        1,18   
    2    2,3        1,18   
    2    2,4        1,18   
    2    2,5        1,18   
    2    2,6        1,18   
    2    2,7        1,18   
    2    2,8        1,18   
    2    2,9        1,18   
    2    2,10       1,18   
    2    2,11       1,18   
    2    2,12       1,18   
    2    2,13       1,18   
    2    2,14       1,18   
    2    2,15       1,18   
    2    2,16       1,18   
    2    2,17       1,18   
    2    2,18       1,18   
    2    2,19       1,18   
    2    2,20       1,18   
    2    2,21       1,18   
    2    2,1        1,19   
    2    2,2        1,19   
    2    2,3        1,19   
    2    2,4        1,19   
    2    2,5        1,19   
    2    2,6        1,19   
    2    2,7        1,19   
    2    2,8        1,19   
    2    2,9        1,19   
    2    2,10       1,19   
    2    2,11       1,19   
    2    2,12       1,19   
    2    2,13       1,19   
    2    2,14       1,19   
    2    2,15       1,19   
    2    2,16       1,19   
    2    2,17       1,19   
    2    2,18       1,19   
    2    2,19       1,19   
    2    2,20       1,19   
    2    2,21       1,19   
    2    2,1        1,20   
    2    2,2        1,20   
    2    2,3        1,20   
    2    2,4        1,20   
    2    2,5        1,20   
    2    2,6        1,20   
    2    2,7        1,20   
    2    2,8        1,20   
    2    2,9        1,20   
    2    2,10       1,20   
    2    2,11       1,20   
    2    2,12       1,20   
    2    2,13       1,20   
    2    2,14       1,20   
    2    2,15       1,20   
    2    2,16       1,20   
    2    2,17       1,20   
    2    2,18       1,20   
    2    2,19       1,20   
    2    2,20       1,20   
    2    2,21       1,20   
    2    2,1        1,21   
    2    2,2        1,21   
    2    2,3        1,21   
    2    2,4        1,21   
    2    2,5        1,21   
    2    2,6        1,21   
    2    2,7        1,21   
    2    2,8        1,21   
    2    2,9        1,21   
    2    2,10       1,21   
    2    2,11       1,21   
    2    2,12       1,21   
    2    2,13       1,21   
    2    2,14       1,21   
    2    2,15       1,21   
    2    2,16       1,21   
    2    2,17       1,21   
    2    2,18       1,21   
    2    2,19       1,21   
    2    2,20       1,21   
    2    2,21       1,21   
    2    2,1        1,22   
    2    2,2        1,22   
    2    2,3        1,22   
    2    2,4        1,22   
    2    2,5        1,22   
    2    2,6        1,22   
    2    2,7        1,22   
    2    2,8        1,22   
    2    2,9        1,22   
    2    2,10       1,22   
    2    2,11       1,22   
    2    2,12       1,22   
    2    2,13       1,22   
    2    2,14       1,22   
    2    2,15       1,22   
    2    2,16       1,22   
    2    2,17       1,22   
    2    2,18       1,22   
    2    2,19       1,22   
    2    2,20       1,22   
    2    2,21       1,22   
    2    2,1        1,23   
    2    2,2        1,23   
    2    2,3        1,23   
    2    2,4        1,23   
    2    2,5        1,23   
    2    2,6        1,23   
    2    2,7        1,23   
    2    2,8        1,23   
    2    2,9        1,23   
    2    2,10       1,23   
    2    2,11       1,23   
    2    2,12       1,23   
    2    2,13       1,23   
    2    2,14       1,23   
    2    2,15       1,23   
    2    2,16       1,23   
    2    2,17       1,23   
    2    2,18       1,23   
    2    2,19       1,23   
    2    2,20       1,23   
    2    2,21       1,23   
    2    2,1        1,24   
    2    2,2        1,24   
    2    2,3        1,24   
    2    2,4        1,24   
    2    2,5        1,24   
    2    2,6        1,24   
    2    2,7        1,24   
    2    2,8        1,24   
    2    2,9        1,24   
    2    2,10       1,24   
    2    2,11       1,24   
    2    2,12       1,24   
    2    2,13       1,24   
    2    2,14       1,24   
    2    2,15       1,24   
    2    2,16       1,24   
    2    2,17       1,24   
    2    2,18       1,24   
    2    2,19       1,24   
    2    2,20       1,24   
    2    2,21       1,24   
    2    2,1        1,25   
    2    2,2        1,25   
    2    2,3        1,25   
    2    2,4        1,25   
    2    2,5        1,25   
    2    2,6        1,25   
    2    2,7        1,25   
    2    2,8        1,25   
    2    2,9        1,25   
    2    2,10       1,25   
    2    2,11       1,25   
    2    2,12       1,25   
    2    2,13       1,25   
    2    2,14       1,25   
    2    2,15       1,25   
    2    2,16       1,25   
    2    2,17       1,25   
    2    2,18       1,25   
    2    2,19       1,25   
    2    2,20       1,25   
    2    2,21       1,25   
    2    2,1        1,26   
    2    2,2        1,26   
    2    2,3        1,26   
    2    2,4        1,26   
    2    2,5        1,26   
    2    2,6        1,26   
    2    2,7        1,26   
    2    2,8        1,26   
    2    2,9        1,26   
    2    2,10       1,26   
    2    2,11       1,26   
    2    2,12       1,26   
    2    2,13       1,26   
    2    2,14       1,26   
    2    2,15       1,26   
    2    2,16       1,26   
    2    2,17       1,26   
    2    2,18       1,26   
    2    2,19       1,26   
    2    2,20       1,26   
    2    2,21       1,26   
    2    2,1        1,27   
    2    2,2        1,27   
    2    2,3        1,27   
    2    2,4        1,27   
    2    2,5        1,27   
    2    2,6        1,27   
    2    2,7        1,27   
    2    2,8        1,27   
    2    2,9        1,27   
    2    2,10       1,27   
    2    2,11       1,27   
    2    2,12       1,27   
    2    2,13       1,27   
    2    2,14       1,27   
    2    2,15       1,27   
    2    2,16       1,27   
    2    2,17       1,27   
    2    2,18       1,27   
    2    2,19       1,27   
    2    2,20       1,27   
    2    2,21       1,27   
    1    2,1    
    1    2,2    
    1    2,3    
    1    2,4    
    1    2,5    
    1    2,6    
    1    2,7    
    1    2,8    
    1    2,9    
    1    2,10   
    1    2,11   
    1    2,12   
    1    2,13   
    1    2,14   
    1    2,15   
    1    2,16   
    1    2,17   
    1    2,18   
    1    2,19   
    1    2,20   
    1    2,21   
